image: map0.png
resolution: 0.0625000
origin: [-78.38165753686526,-39.863769141361246, 0.00]
negate: 0
occupied_thresh: 0.45
free_thresh: 0.196